001,01,94
002,01,74
004,01,85
005,01,64
006,01,71
007,01,48
008,01,56
009,01,75
010,01,84
011,01,61
012,01,44
013,01,47
014,01,81
015,01,90
016,01,71
017,01,58
018,01,38
019,01,46
020,01,89
001,02,63
002,02,84
004,02,93
005,02,44
006,02,90
007,02,55
008,02,34
009,02,78
010,02,68
011,02,49
012,02,74
013,02,35
014,02,39
015,02,48
016,02,89
017,02,34
018,02,58
019,02,39
020,02,59
001,03,79
002,03,87
004,03,89
005,03,99
006,03,59
007,03,70
008,03,39
009,03,60
010,03,47
011,03,70
012,03,62
013,03,93
014,03,32
015,03,84
016,03,71
017,03,55
018,03,49
019,03,93
020,03,81
001,04,54
002,04,100
004,04,59
005,04,85
007,04,63
009,04,79
010,04,34
013,04,69
014,04,40
016,04,94
017,04,34
020,04,50
005,05,85
007,05,63
009,05,79
015,05,59
018,05,87